date,newcases,newdeaths,totalcases,prevalence,incidence,incidence7d,deathrate
2020-02-26,1,0,0.000473823614421,0.000473823614421,0.000473823614421,0,0
2020-02-27,0,0,0.000473823614421,0.000473823614421,0,0,0
2020-02-28,0,0,0.000473823614421,0.000473823614421,0,0,0
2020-02-29,0,0,0.000473823614421,0.000473823614421,0,0,0
2020-03-01,1,0,0.000947647228843,0.000947647228843,0.000473823614421,0,0
2020-03-02,0,0,0.000947647228843,0.000947647228843,0,0,0
2020-03-03,0,0,0.000947647228843,0.000947647228843,0,0.000135378175549,0
2020-03-04,0,0,0.000947647228843,0.000947647228843,0,6.76890877744708E-05,0
2020-03-05,1,0,0.001421470843264,0.001421470843264,0.000473823614421,0.000135378175549,0
2020-03-06,5,0,0.00379058891537,0.00379058891537,0.002369118072106,0.000473823614421,0
2020-03-07,5,0,0.006159706987477,0.006159706987477,0.002369118072106,0.000812269053294,0
2020-03-08,0,0,0.006159706987477,0.006159706987477,0,0.000744579965519,0
2020-03-09,12,0,0.011845590360532,0.011845590360532,0.005685883373056,0.001556849018813,0
2020-03-10,0,0,0.011845590360532,0.011845590360532,0,0.001556849018813,0
2020-03-11,9,0,0.016110002890324,0.016110002890324,0.004264412529792,0.002166050808783,0
2020-03-12,18,0,0.024638827949907,0.024638827949907,0.008528825059583,0.003316765300949,0
2020-03-13,25,0,0.03648441831044,0.03648441831044,0.011845590360532,0.004670547056438,0
2020-03-14,21,0,0.046434714213287,0.046434714213287,0.009950295902847,0.00575357246083,0
2020-03-15,23,0,0.057332657344977,0.057332657344977,0.01089794313169,0.007310421479643,0
2020-03-16,79,0,0.094764722884259,0.094290899269838,0.037432065539282,0.011845590360532,0
2020-03-17,34,0,0.110874725774583,0.109927078545741,0.016110002890324,0.014147019344864,0
2020-03-18,57,1,0.137882671796597,0.136461200953333,0.027007946022014,0.017396095558039,0.003436426116838
2020-03-19,137,3,0.202796506972314,0.199953565285787,0.064913835175718,0.025451097003201,0.009345794392523
2020-03-20,193,2,0.294244464555624,0.290453875640254,0.09144795758331,0.036822863749312,0.009661835748792
2020-03-21,283,5,0.428336547436851,0.422176840449374,0.134092082881227,0.054557404746224,0.01216814159292
2020-03-22,224,7,0.534473037067221,0.524996564778795,0.10613648963037,0.068162911388892,0.015957446808511
2020-03-23,418,7,0.732531307895323,0.719738070305948,0.198058270828102,0.091109512144438,0.016170763260026
2020-03-24,345,9,0.89600045487067,0.878942804751503,0.163469146975347,0.112160818442298,0.017979904812269
2020-03-25,310,12,1.04288577534127,1.02014224184905,0.146885320470602,0.129286157649239,0.020899591094957
2020-03-26,232,11,1.15281285388701,1.12296196617847,0.109927078545741,0.135716620987814,0.023427866831073
2020-03-27,482,20,1.38119583603808,1.34186847604111,0.228382982151064,0.155278767354636,0.026415094339623
2020-03-28,502,15,1.61905529047757,1.57262057626428,0.23785945443949,0.170102677577245,0.026924202516828
2020-03-29,487,22,1.84980739070074,1.79294855697018,0.230752100223171,0.187904907661931,0.029200819672131
2020-03-30,352,22,2.01659330297703,1.89529445768518,0.166785912276296,0.183437427868816,0.031954887218045
2020-03-31,323,23,2.16963833043511,2.03412477671062,0.153045027458078,0.181948267937777,0.0347237388076
2020-04-01,1138,42,2.70884960364655,2.55343545811636,0.539211273211434,0.237994832615039,0.035158299807591
2020-04-02,1119,40,3.23905822818398,3.06469113807694,0.53020862453743,0.298035053470995,0.035254534815682
2020-04-03,1074,58,3.74794479007245,3.54609593032898,0.508886561888471,0.338106993433482,0.037800252844501
2020-04-04,1146,60,4.29094665219925,4.0606683755905,0.543001862126805,0.381698765960241,0.03964222614841
2020-04-05,1222,73,4.86995910902208,4.60509170856057,0.579012456822823,0.431450245474477,0.042031523642732
2020-04-06,852,54,5.27365682850902,4.98320295286877,0.403697719486944,0.465294789361712,0.04366576819407
2020-04-07,926,67,5.71241749546314,5.39021743765666,0.43876066695412,0.506111309289718,0.045869276708693
2020-04-08,1661,114,6.49943851901691,6.1232225691664,0.787021023553772,0.541512702195766,0.048625792811839
2020-04-09,2210,133,7.54658870688797,7.08555833005605,1.04715018787106,0.615361496957714,0.050229170590821
2020-04-10,1930,141,8.46106828272107,7.93322877625575,0.9144795758331,0.673303356092661,0.052696421571373
2020-04-11,1781,115,9.3049481400054,8.72261891788163,0.843879857284327,0.71628592682945,0.053773296669722
2020-04-12,1089,68,9.82094205611019,9.20639282820577,0.515993916104791,0.707283278155445,0.054228783712066
2020-04-13,1442,99,10.5041957081057,9.84273794237357,0.683253651995508,0.747219839942383,0.05516712526501
2020-04-14,1261,105,11.101687285891,9.02918279641221,0.597491577785254,0.769895684346831,0.056679470763978
2020-04-15,1832,204,11.9697321475108,4.59798435434425,0.868044861619813,0.781470518356265,0.060644446203784
2020-04-16,3058,204,13.4186847604111,5.95027694990263,1.44895261290032,0.838870864789016,0.061299435028249
2020-04-17,2105,188,14.4160834687679,6.85859681874825,0.997398708356827,0.850716455149549,0.063237469186524
2020-04-18,3257,217,15.9593269809381,8.29902060658899,1.54324351217016,0.950625548704668,0.063565108960276
2020-04-19,2917,206,17.341470464205,5.74368985401494,1.38214348326692,1.0743612011564,0.064127435175825
2020-04-20,2055,115,18.3151779918408,6.66290766599226,0.973707527635762,1.11585461196215,0.063693278832721
2020-04-21,1927,113,19.2282360968306,7.11446157053575,0.913058104989836,1.16093554441995,0.063453340233114
2020-04-22,2498,166,20.411847485655,7.11683068860786,1.1836113888244,1.20601647687775,0.063627289398547
2020-04-23,2678,165,21.6807471250752,7.71290079554985,1.26889963942023,1.18029462352345,0.06350940839653
2020-04-24,3735,407,23.4504783249388,8.77710863354008,1.76973119986354,1.29062783659583,0.066940111533177
2020-04-25,3503,357,25.1102824462566,9.55465318480542,1.6598041213178,1.30727935218835,0.069251816209076
2020-04-26,5514,346,27.7229458561756,11.5333405986288,2.61266340991902,1.48306791313865,0.068639012801449
2020-04-27,3379,189,29.3239958493051,12.5757525503556,1.60104999312956,1.57268826535205,0.067945320579111
2020-04-28,4613,338,31.5097441826306,13.937047794588,2.18574833332544,1.75450115511428,0.068314762184027
2020-04-29,5385,474,34.0612843462892,15.51156366531,2.55154016365868,1.94991955151918,0.069791058064157
2020-04-30,6276,449,37.0350013503973,17.4182298897412,2.97371700410805,2.19346488933173,0.069931680356183
2020-05-01,7218,435,40.4550601992902,19.6352505816185,3.42005884889291,2.42922598205021,0.069114546732256
2020-05-02,6209,428,43.397031021232,21.0012840619951,2.94197082194182,2.61239265356793,0.069102184760179
2020-05-03,4970,421,45.7519343849059,22.1834739799762,2.35490336367384,2.57556978981861,0.069905446411003
2020-05-04,4588,275,47.9258371278708,22.8889973418495,2.1739027429649,2.65740589693795,0.069453369847845
2020-05-05,6633,296,51.0687091623272,24.7515979701396,3.14287203445645,2.79413785424238,0.067925403599926
2020-05-06,6935,600,54.3546759283389,26.2612000056859,3.28596676601168,2.89905594029281,0.069049383254152
2020-05-07,10503,615,59.3312453506058,29.0605499196869,4.97656942226687,3.1851777143155,0.068169113066812
2020-05-08,9888,610,64.0164132500036,31.5865036081668,4.68516789939777,3.36590757867333,0.067694995040931
2020-05-09,10222,751,68.8598382366181,34.9425962691129,4.84342498661448,3.63754388791229,0.06810112297699
2020-05-10,10611,730,73.8875806092424,38.0740965368232,5.02774237262437,4.01937803204808,0.068148442660271
2020-05-11,6760,496,77.0906282427304,39.8921577453577,3.20304763348796,4.16639873069423,0.068365509314747
2020-05-12,5632,396,79.7592028391511,39.9030556884894,2.66857459642074,4.09864195383198,0.068430651513981
2020-05-13,9258,881,84.1458618614635,41.1113059052637,4.38665902231235,4.25588370473208,0.069824144513455
2020-05-14,11385,749,89.5403437116499,45.6510099550341,5.39448185018645,4.31558548014916,0.069581000560924
2020-05-15,13944,844,96.1473401911404,49.2563338371658,6.60699647949055,4.59013242016241,0.068958889797849
2020-05-16,15305,824,103.399210609858,53.8898549625916,7.25187041871793,4.93419605332005,0.06789843417055
2020-05-17,14919,816,110.46818511341,58.4636743126004,7.06897450355131,5.22580064345247,0.067053555343954
2020-05-18,7938,485,114.229396964686,58.9924614662946,3.76121185127624,5.3055383888508,0.066857474697196
2020-05-19,13140,674,120.455439258182,61.8974740463115,6.22604229349582,5.81374805986152,0.066053024939029
2020-05-20,17408,1179,128.703760738028,64.9015157617425,8.24832147984591,6.36541412522346,0.066160336931392
2020-05-21,19951,888,138.157015669347,69.5383536524693,9.45325493131927,6.94523885109958,0.06467886919154
2020-05-22,18508,1188,146.926543125056,73.2578690256765,8.76952745570934,7.25417184770226,0.064649598338531
2020-05-23,20803,1001,156.783495775862,79.2493686300338,9.85695265080621,7.6263264522863,0.063610263229472
2020-05-24,16508,965,164.605376002729,83.1437249169624,7.82188022686675,7.73388441275993,0.063365361919182
2020-05-25,15813,653,172.097948817573,88.4685546958289,7.49257281484395,8.26693597898389,0.062404497661139
2020-05-26,11687,807,177.635525399315,91.3683552160873,5.53757658174168,8.16858373444759,0.062611697048264
2020-05-27,16324,1039,185.370222081128,94.7945737719676,7.73469668181323,8.09520876330006,0.062654963166693
2020-05-28,20599,1086,195.130514714592,98.8486086169563,9.76029263346427,8.13907129217792,0.062158073531947
2020-05-29,26417,1156,207.64751313676,105.192632990443,12.5169984221674,8.67442428738621,0.061049019026191
2020-05-30,26928,1124,220.406635425896,112.010007154737,12.7591222891366,9.08901995000484,0.059931293344742
2020-05-31,33274,956,236.172642372151,124.639775597136,15.7660069462542,10.2238951956316,0.057848487280315
2020-06-01,16409,480,243.94761406119,130.043260095997,7.77497168903904,10.2642378919452,0.056937082523225
2020-06-02,11598,623,249.443020341248,129.293197314368,5.49540628005819,10.2582135631333,0.056866123275468
2020-06-03,28936,1262,263.153580448142,135.308388099446,13.7105601068946,11.1119083381449,0.056175648156317
2020-06-04,28633,1349,276.720571999867,140.491070793986,13.566991551725,11.655722469325,0.055731349826032
2020-06-05,30916,1473,291.369302863316,148.766874043469,14.6487308634488,11.9602556752223,0.055324816402464
2020-06-06,30830,1005,305.977284895925,158.061398063957,14.6079820326085,12.2243784957183,0.054239797324711
2020-06-07,27075,904,318.806059256381,167.238413828068,12.8287743604566,11.8047738406044,0.053400749364259
2020-06-08,18921,525,327.771275864847,131.270937080962,8.96521660846533,11.9748088290939,0.052699065280055
2020-06-09,15654,679,335.188510724998,129.610185312416,7.41723486015096,12.2493557691071,0.052492748214619
2020-06-10,32091,1272,350.393984335391,136.073139413122,15.2054736103938,12.4629148410356,0.05193488058872
2020-06-11,32913,1274,365.988940956839,143.46004956195,15.5949566214481,12.7526241367103,0.051371281796338
2020-06-12,30412,1239,380.39886471862,150.100687518065,14.4099237617804,12.718508836472,0.050968576083545
2020-06-13,25982,909,392.709749868514,155.199029609238,12.3108851498941,12.3903521389413,0.050467537795152
2020-06-14,21704,892,402.993617595914,160.461788494615,10.2838677273998,12.0267940485046,0.050228450090181
2020-06-15,17110,612,411.100739638662,164.219209756976,8.10712204274837,11.9042091105451,0.049943293408205
2020-06-16,20647,627,420.883775805619,167.879023354766,9.78303616695649,12.242180725803,0.049488275537533
2020-06-17,34918,1282,437.428748773981,169.108595634189,16.5449729683628,12.4335377769414,0.049005133293399
2020-06-18,32188,1269,452.680183274974,177.346019170903,15.2514345009927,12.384463188305,0.048682352621007
2020-06-19,22765,1238,463.466777857275,179.466853669053,10.7865945823008,11.8668447340936,0.048814998231341
2020-06-20,54771,1206,489.418571042744,192.931499320063,25.9517931854688,13.8155458820328,0.047394117413567
2020-06-21,34666,1022,505.844140460272,203.50013503973,16.4255694175286,14.6929318377655,0.046812460717193
2020-06-22,17459,641,514.116626944454,205.016370605878,8.2724864841814,14.7165553293988,0.046649979079074
2020-06-23,21432,654,524.271614648731,202.434505730897,10.1549877042772,14.7696912633018,0.046337451535062
2020-06-24,39436,1374,542.957322707049,205.067069732621,18.6857080583182,15.0755105618668,0.045941813726431
2020-06-25,42725,1185,563.201436633199,215.720993702884,20.2441139261499,15.7887504797464,0.04528739364866
2020-06-26,39483,1141,581.909414401395,223.049623547138,18.707977768196,16.92037664916,0.04476050268949
2020-06-27,46860,990,604.112788973177,232.788594117954,22.2033745717819,16.3848882757762,0.043891875442166
2020-06-28,38693,1109,622.44644608598,241.924387227611,18.3336571128032,16.657472232244,0.043443277482041
2020-06-29,30476,552,636.886694559083,250.515283180683,14.4402484731034,17.5385810878043,0.042868950699442
2020-06-30,24052,692,648.283100133144,247.128865808414,11.396405574061,17.7159264977734,0.04262111760385
2020-07-01,33846,1280,664.320134186848,248.665001966368,16.0370340537032,17.3375444971141,0.042505176382146
2020-07-02,46712,1038,686.453382863695,203.947424531744,22.1332486768476,17.6074208900709,0.04185116441519
2020-07-03,48105,1252,709.246667835432,213.39072916716,22.7932849717364,18.1910362048624,0.041342598963963
