date,newcases,newdeaths,totalcases,prevalence,incidence,incidence7d,deathrate
2020-03-12,4,0,0.008622378992749,0.005486968449931,0.003135410542818,0,0
2020-03-13,5,0,0.012541642171272,0.009406231628454,0.003919263178522,0,0
2020-03-14,10,0,0.020380168528317,0.017244757985499,0.007838526357045,0,0
2020-03-15,15,0,0.032137958063884,0.029002547521066,0.011757789535567,0,0
2020-03-16,12,0,0.041544189692338,0.03840877914952,0.009406231628454,0,0
2020-03-17,29,0,0.064275916127768,0.06114050558495,0.02273172643543,0,0
2020-03-18,11,0,0.072898295120517,0.069762884577699,0.008622378992749,0.009630189524369,0
2020-03-19,25,0,0.09249461101313,0.089359200470312,0.019596315892612,0.011981747431483,0
2020-03-20,46,0,0.128551832255536,0.125416421712718,0.036057221242407,0.016572884297752,0
2020-03-21,39,2,0.159122085048011,0.154418969233784,0.030570252792475,0.019820273788528,0.009852216748768
2020-03-22,48,0,0.196747011561826,0.192043895747599,0.037624926513815,0.023515579071135,0.00796812749004
2020-03-23,65,0,0.247697432882618,0.242994317068391,0.050950421320792,0.029450463312897,0.006329113924051
2020-03-24,51,2,0.287673917303547,0.281403096217911,0.039976484420929,0.031914000167969,0.010899182561308
2020-03-25,38,1,0.317460317460317,0.310405643738977,0.029786400156771,0.034937431762829,0.012345679012346
2020-03-26,70,0,0.372330001959632,0.365275328238291,0.054869684499314,0.039976484420929,0.010526315789474
2020-03-27,110,3,0.458553791887125,0.449147560258671,0.086223789927494,0.047143137090227,0.013675213675214
2020-03-28,132,4,0.562022339800118,0.549480697628846,0.103468547912992,0.057557179250301,0.01673640167364
2020-03-29,131,4,0.664707035077405,0.649029982363316,0.102684695277288,0.066851431930797,0.018867924528302
2020-03-30,145,4,0.778365667254556,0.735253772290809,0.113658632177151,0.07580974776742,0.020140986908359
2020-03-31,101,8,0.857534783460709,0.808152067411327,0.079169116206153,0.081408695165309,0.025594149908592
2020-04-01,121,1,0.952380952380952,0.902214383695865,0.094846168920243,0.090702947845805,0.023868312757202
2020-04-02,163,8,1.08014893200078,1.02371154223006,0.127767979619831,0.101116990005879,0.026850507982584
2020-04-03,132,13,1.18361747991378,0.648246129727611,0.103468547912992,0.10358052686095,0.033112582781457
2020-04-04,178,10,1.32314324906918,0.779933372525965,0.139525769155399,0.108731558467008,0.035545023696683
2020-04-05,202,19,1.48148148148148,0.923378404859886,0.158338232412307,0.116682063772011,0.041798941798942
2020-04-06,253,15,1.67979619831472,1.10993533215755,0.198314716833235,0.128775790151452,0.043863742417172
2020-04-07,296,31,1.91181657848325,1.31765628061924,0.232020380168528,0.150611685003219,0.051250512505125
2020-04-08,346,16,2.183029590437,1.57632765040172,0.271213011953753,0.175806948293721,0.050628366247756
2020-04-09,396,33,2.49343523417597,1.86086615716245,0.310405643738977,0.201898043167884,0.054699779943414
2020-04-10,260,20,2.69723691945914,2.04899078973153,0.203801685283167,0.216231348506481,0.056378959604766
2020-04-11,403,39,3.01312953164805,2.33431314912796,0.315892612188908,0.241426611796982,0.060613943808533
2020-04-12,375,40,3.30707427003723,1.70409563002156,0.293944738389183,0.260798969793679,0.064707276605831
2020-04-13,442,23,3.65353713501862,1.97687634724672,0.346462864981383,0.2819629909577,0.06350568547522
2020-04-14,353,36,3.9302371154223,2.1305114638448,0.276699980403684,0.288345790991294,0.066214599122457
2020-04-15,385,74,4.23202038016853,2.24808935920047,0.301783264746228,0.292712969961647,0.075199110946472
2020-04-16,448,43,4.58318636096414,2.56554967666079,0.35116598079561,0.298535875255452,0.076791517017274
2020-04-17,450,37,4.93592004703116,2.88928081520674,0.352733686067019,0.319811875367431,0.07717960933778
2020-04-18,578,60,5.38898687046835,3.29531648050167,0.453066823437194,0.339408191260043,0.079418181818182
2020-04-19,622,104,5.87654320987654,3.30785812267294,0.487556339408191,0.367066991405616,0.086701347205549
2020-04-20,764,36,6.47540662355477,3.8785028414658,0.598863413678228,0.403124212648022,0.083040794092725
2020-04-21,511,26,6.87595532039977,4.25867136978248,0.400548696844993,0.420816886425352,0.081167350661195
2020-04-22,729,145,7.44738389182834,4.7164413090339,0.571428571428571,0.45933764452283,0.090201031470372
2020-04-23,1043,113,8.26494219086812,5.44542426023908,0.81755829903978,0.525965118557711,0.091995447647952
2020-04-24,1089,99,9.1185577111503,6.22143836958652,0.853615520282187,0.597519666302735,0.091893750537265
2020-04-25,1239,152,10.0897511267882,3.5289045659416,0.97119341563786,0.67153775090283,0.094857054070852
2020-04-26,970,84,10.8500881834215,3.27885557515187,0.760337056633353,0.710506424792139,0.094278283485046
2020-04-27,835,46,11.5046051342348,3.32353517538703,0.654516950813247,0.718456930097142,0.092048783811406
2020-04-28,852,83,12.172447579855,2.09445424260239,0.667842445620223,0.756641751350746,0.092343357589027
2020-04-29,1223,135,13.1310993533216,2.94728591024887,0.958651773466588,0.811959351641891,0.093660458452722
2020-04-30,1047,163,13.9517930629042,3.64021164021164,0.820693709582598,0.812407267433722,0.097308837575145
2020-05-01,1425,127,15.0687830687831,3.90985694689398,1.11699000587889,0.850032193947538,0.09670203911777
2020-05-02,1515,113,16.2563198118754,5.00881834215168,1.1875367430923,0.880938383583886,0.095086551907035
2020-05-03,1349,89,17.3137370174407,5.15775034293553,1.05741720556535,0.923378404859886,0.093308583846433
2020-05-04,1383,93,18.39780521262,6.16892024299432,1.08406819517931,0.984742868340752,0.091772826040646
2020-05-05,1434,117,19.5218498922203,4.56515775034294,1.12404467960024,1.04991461605218,0.091186508733186
2020-05-06,1120,236,20.3997648442093,4.49696257103665,0.877914951989026,1.03838078441253,0.096330451488953
2020-05-07,1609,197,21.6609837350578,5.60376249265138,1.26121889084852,1.10131295316481,0.097850474053702
2020-05-08,1982,257,23.2145796590241,4.97040956300216,1.55359592396629,1.16368522717729,0.099979740680713
2020-05-09,1906,199,24.7086027826769,5.12482853223594,1.49402312365275,1.20746899582878,0.100247446228031
2020-05-10,1938,193,26.2277091906722,6.49265138154027,1.5191064079953,1.27342459617592,0.100209205020921
2020-05-11,1562,112,27.4520870076426,6.62904174015285,1.22437781697041,1.29346882786036,0.098937810519102
2020-05-12,1305,108,28.4750146972369,5.3450911228689,1.02292768959436,1.27902354357381,0.098356594268726
2020-05-13,1997,353,30.0403684107388,5.80678032529884,1.56535371350186,1.37722908093278,0.102442333785617
2020-05-14,1862,294,31.4999020184205,5.87184009406232,1.45953360768176,1.4055597547661,0.105011695615388
2020-05-15,2409,257,33.3882030178327,6.00979815794631,1.88830099941211,1.45337476554408,0.105106233125954
2020-05-16,2437,290,35.2984518910445,6.59768763472467,1.91024887321184,1.51283558690966,0.10585805649316
2020-05-17,2112,278,36.9539486576524,6.87438761512836,1.65549676660788,1.53231992385432,0.107012557271339
2020-05-18,2075,132,38.5804428767392,6.78346070938663,1.62649421908681,1.58976512415666,0.105182957800849
2020-05-19,2414,155,40.4726631393298,7.03586125808348,1.89222026259063,1.71394977744184,0.10326729029884
2020-05-20,2713,334,42.5992553399961,8.04311189496375,2.12659220066627,1.79412670417961,0.104257903065543
2020-05-21,2248,424,44.3613560650598,8.11444248481286,1.76210072506369,1.83735057809132,0.107608580414885
2020-05-22,2973,420,46.6917499510092,8.51734273956496,2.33039388594944,1.90050670473951,0.109288700119194
2020-05-23,2960,479,49.0119537526945,8.71173819321968,2.32020380168528,1.95907169452143,0.111775712892031
2020-05-24,3329,190,51.6213991769547,9.1695081324711,2.60944542426024,2.09535007418605,0.10901056851312
2020-05-25,2764,215,53.7879678620419,9.22908093278464,2.1665686850872,2.17250356932897,0.107752841737103
2020-05-26,2485,239,55.7358416617676,9.22124240642759,1.94787379972565,2.18045407463397,0.107348287743478
2020-05-27,3455,501,58.4440525181266,9.87027238879091,2.708210856359,2.26354245401864,0.109093347639485
2020-05-28,3463,463,61.1585341955712,10.4918675289046,2.71448167744464,2.39959687578735,0.11018545813414
2020-05-29,3377,447,63.8056045463453,10.466784244562,2.64707035077405,2.4448363707623,0.111105651105651
2020-05-30,3227,371,66.3350970017637,10.9465020576132,2.52949245541838,2.47473474986703,0.111252909827833
2020-05-31,2885,364,68.5965118557711,10.9433666470704,2.26141485400745,2.42501609697377,0.111744675015998
2020-06-01,3152,151,71.0672153635117,10.7928669410151,2.47070350774054,2.46846392878139,0.109525280155299
2020-06-02,2771,237,73.2392710170488,10.596903782089,2.17205565353714,2.50048990789732,0.108813613742174
2020-06-03,3891,470,76.289241622575,10.9809915735842,3.04997060552616,2.54931272920691,0.109292480940345
2020-06-04,3912,1091,79.3556731334509,11.5633940819126,3.06643151087595,2.59959127683995,0.115845828641419
2020-06-05,4442,817,82.8375465412502,11.9882422104644,3.48187340779933,2.71884885641499,0.118707418622256
2020-06-06,4346,625,86.2441700960219,12.5620223398001,3.4066235547717,2.84415329917975,0.119698980241034
2020-06-07,3593,341,89.0605526161082,12.8026650989614,2.81638252008622,2.92343439433386,0.118914970207448
2020-06-08,3484,188,91.7914951989026,12.3621399176955,2.73094258279443,2.96061140505585,0.116982485504214
2020-06-09,2999,354,94.1422692533804,11.9937291789144,2.35077405447776,2.98614260519022,0.117008875788913
2020-06-10,4199,596,97.4336664707035,12.323731138546,3.29139721732314,3.02063212116122,0.11785102292017
2020-06-11,4883,708,101.261218890849,13.0346854791299,3.82755242014501,3.12936367962823,0.11887695070597
2020-06-12,4790,587,105.015873015873,13.4462081128748,3.7546541250245,3.16833235351754,0.119008165763506
2020-06-13,5222,504,109.109151479522,14.6345287086028,4.09327846364883,3.26642591192856,0.118164315066525
2020-06-14,3494,424,111.847932588673,14.5169508132471,2.73878110915148,3.25533999608074,0.118242343541944
2020-06-15,4147,269,115.09856946894,13.6421712718009,3.25063688026651,3.32958203857675,0.116734882897362
2020-06-16,3427,439,117.784832451499,13.5528120713306,2.68626298255928,3.37750902830268,0.116994090400894
2020-06-17,4599,730,121.389770723104,14.1477562218303,3.60493827160494,3.42230060748579,0.11823353544746
2020-06-18,4930,770,125.254164217127,14.5271408975113,3.86439349402312,3.42756361803981,0.119404479545412
2020-06-19,5662,667,129.692337840486,15.1048402900255,4.43817362335881,3.525209260659,0.119349672116285
2020-06-20,5030,647,133.63511659808,15.0789731530472,3.94277875759357,3.5037093026511,0.119623427280992
2020-06-21,4717,387,137.332549480698,15.6190476190476,3.69743288261807,3.64065955600347,0.11861165968425
2020-06-22,5343,1044,141.520674113267,15.1573584166177,4.18812463256908,3.77458637776098,0.120883990140962
2020-06-23,4577,759,145.108367626886,14.8085439937292,3.58769351361944,3.90336216791243,0.121995224770692
2020-06-24,6288,793,150.037233000196,15.3211836174799,4.92886537330982,4.09249461101313,0.122130505198266
2020-06-25,5437,965,154.299039780521,15.7891436409955,4.2618067803253,4.14926793762773,0.12365949188964
2020-06-26,6104,718,159.083676268861,16.5110719184793,4.78463648834019,4.19876263262507,0.123478080916083
2020-06-27,5441,719,163.34861845973,17.1601019008426,4.26494219086812,4.24478598023572,0.123704364850858
2020-06-28,4410,602,166.805408583186,17.0683911424652,3.45679012345679,4.21040844321268,0.123969699532899
2020-06-29,4050,267,169.98001175779,15.7217323143249,3.17460317460317,4.06561966350326,0.12288565473226
2020-06-30,3805,473,172.962571036645,14.8916323731139,2.98255927885557,3.97917191567985,0.122910218121338
2020-07-01,5432,648,177.220458553792,15.5155790711346,4.25788751714678,3.88331793622799,0.122823312943133
2020-07-02,5681,741,181.673525377229,15.2874779541446,4.45306682343719,3.91064079952969,0.123009880484964
2020-07-03,6741,679,186.957475994513,15.6590241034685,5.28395061728395,3.9819713893788,0.122380099869608
